192.168.30.174
2.1|OBS|255000000|121|29|8vsb|71|94|100
3.1|MBC드라마넷|387000000|31|51|8vsb|82|100|100
4.1|홈앤쇼핑|285000000|41|34|8vsb|77|51|100
5.1|SBS|225000000|1|24|8vsb|76|70|100
5.1|SBS|771000000|1|115|8vsb|100|100|100
6.1|GS Shop|279000000|151|33|8vsb|77|58|100
7.1|KBS2|231000000|2|25|8vsb|75|65|100
7.1|KBS2|777000000|2|116|8vsb|100|100|100
7.99|업그레이드 (control)|231000000|99|25|8vsb|75|65|100
8.1|롯데홈쇼핑|267000000|81|31|8vsb|73|72|100
9.1|KBS1|237000000|2|26|8vsb|75|77|100
9.1|KBS1|765000000|2|114|8vsb|100|100|100
10.1|CJ오쇼핑|267000000|101|31|8vsb|73|72|100
11.1|MBC|243000000|1|27|8vsb|73|79|100
11.1|MBC|783000000|1|117|8vsb|100|100|100
12.1|tvN|273000000|551|32|8vsb|73|65|100
13.1|EBS1|249000000|1|28|8vsb|73|87|100
13.1|EBS1|789000000|1|118|8vsb|100|100|100
13.2|EBS2|249000000|2|28|8vsb|73|87|100
13.2|EBS2|789000000|2|118|8vsb|100|100|100
14.1|채널 A|273000000|141|32|8vsb|73|65|100
15.1|현대홈쇼핑|261000000|61|30|8vsb|73|87|100
16.1|MBN|279000000|322|33|8vsb|77|58|100
17.1|NS홈쇼핑|261000000|171|30|8vsb|73|87|100
18.1|jTBC|285000000|391|34|8vsb|77|51|100
19.1|TV조선|291000000|191|35|8vsb|77|48|100
20.1|공영쇼핑|291000000|541|35|8vsb|77|48|100
21.1|OCN|297000000|381|36|8vsb|80|52|100
22.1|OCN무비즈|297000000|221|36|8vsb|80|52|100
22.2|쇼핑엔T|255000000|222|29|8vsb|71|94|100
23.1|연합뉴스TV|303000000|241|37|8vsb|80|60|100
24.1|YTN|315000000|21|39|8vsb|79|89|100
24.2|K쇼핑|261000000|242|30|8vsb|73|87|100
25.1|양천방송|315000000|371|39|8vsb|79|89|100
26.1|e채널|321000000|291|40|8vsb|78|85|100
26.2|SK스토아|267000000|262|31|8vsb|73|72|100
27.1|M.net|321000000|301|40|8vsb|78|85|100
28.1|XtvN|327000000|311|41|8vsb|78|84|100
29.1|올리브|327000000|291|41|8vsb|78|84|100
29.2|W쇼핑|309000000|292|38|8vsb|78|70|100
30.1|한국경제TV|333000000|211|42|8vsb|81|88|100
31.1|SBS Biz|333000000|331|42|8vsb|81|88|100
32.1|MBC에브리원|411000000|321|55|8vsb|87|100|100
33.1|스카이드라|375000000|331|49|8vsb|83|100|100
33.2|신세계쇼핑|333000000|332|42|8vsb|81|88|100
34.1|KBS드라마|381000000|341|50|8vsb|81|100|100
35.1|이벤트TV|351000000|271|45|8vsb|85|100|100
35.2|현대홈쇼핑|339000000|352|43|8vsb|82|87|100
36.1|OCN스릴즈|351000000|481|45|8vsb|85|100|100
37.1|코미디TV|357000000|401|46|8vsb|84|94|100
37.2|롯데ONETV|345000000|372|44|8vsb|82|95|100
38.1|패션N|357000000|411|46|8vsb|84|94|100
38.2|더라이프|189000000|652|9|8vsb|64|64|100
39.1|SBSfunE|363000000|421|47|8vsb|82|100|100
40.1|MTN|363000000|431|47|8vsb|82|100|100
40.2|GS마이샵|357000000|402|46|8vsb|84|94|100
41.1|스크린|369000000|441|48|8vsb|83|100|100
42.1|드라맥스|369000000|451|48|8vsb|83|100|100
42.2|CJ오쇼핑+|393000000|422|52|8vsb|83|100|100
43.1|투니버스|375000000|461|49|8vsb|83|100|100
44.1|챔프|387000000|441|51|8vsb|82|100|100
45.1|사이언스TV|393000000|451|52|8vsb|83|100|100
45.2|NS샵플러스|375000000|452|49|8vsb|83|100|100
46.1|온스타일|381000000|491|50|8vsb|81|100|100
46.2|더드라마|189000000|453|9|8vsb|64|64|100
47.1|CBS|339000000|471|43|8vsb|82|87|100
47.2|CTS|339000000|472|43|8vsb|82|87|100
48.1|평화방송|345000000|481|44|8vsb|82|95|100
49.1|BTN불교TV|345000000|491|44|8vsb|82|95|100
50.1|스마일TV+|393000000|531|52|8vsb|83|100|100
51.1|Fishing|399000000|181|53|8vsb|83|100|100
52.1|드라마H|399000000|561|53|8vsb|83|100|100
53.1|디스커버리|405000000|201|54|8vsb|86|99|100
54.1|소상공인방|405000000|541|54|8vsb|86|99|100
55.1|EBS플러스1|411000000|581|55|8vsb|87|100|100
56.1|EBS플러스2|411000000|591|55|8vsb|87|100|100
57.1|아이넷|417000000|231|56|8vsb|85|99|100
58.1|매일경제TV|417000000|261|56|8vsb|85|99|100
59.1|중화TV|423000000|281|57|8vsb|86|100|100
60.1|채널차이나|435000000|601|59|8vsb|83|100|100
61.1|채널칭|423000000|611|57|8vsb|86|100|100
62.1|JTBC4|429000000|621|58|8vsb|85|100|100
63.1|CMCTV|399000000|631|53|8vsb|83|100|100
64.1|Mplex|429000000|641|58|8vsb|85|100|100
65.1|JTBC3|405000000|651|54|8vsb|86|99|100
66.1|다큐원|435000000|661|59|8vsb|83|100|100
67.1|ONCE|189000000|231|9|8vsb|64|64|100
68.1|EDGE TV|417000000|681|56|8vsb|85|99|100
69.1|트렌디|423000000|691|57|8vsb|86|100|100
70.1|드라마큐브|429000000|701|58|8vsb|85|100|100
71.1|YTN라이프|435000000|711|59|8vsb|83|100|100
72.1|MBC스포츠+|207000000|721|12|8vsb|67|47|7
74.1|KBSN스포츠|207000000|741|12|8vsb|67|47|7
76.1|SPOTV2|303000000|761|37|8vsb|80|60|100
77.1|KBS JOY|219000000|771|23|8vsb|69|50|77
78.1|K Star|219000000|781|23|8vsb|69|50|77
79.1|스카이엔터|381000000|791|50|8vsb|81|100|100
80.1|JTBC2|363000000|801|47|8vsb|82|100|100
81.1|OtvN|195000000|135|10|8vsb|63|55|100
83.1|AXN|195000000|196|10|8vsb|63|55|100
84.1|FTV|195000000|344|10|8vsb|63|55|100
88.1|복지TV|255000000|881|29|8vsb|71|94|100
93.1|KTV|219000000|931|23|8vsb|69|50|77
94.1|OUN|309000000|941|38|8vsb|78|70|100
95.1|국회방송|309000000|951|38|8vsb|78|70|100
